random_10_2_000.json: 110
JAVA: 1130, 1056, 1035, 1018, 1126, 1078, 1024, 1107, 1043, 1039
JAVA AVG: 1067
JAVASCRIPT: 1687, 1726, 1737, 1701, 1691, 1758, 1739, 1787, 1727, 1778
JAVASCRIPT AVG: 1733

random_8_3_000.json: 584
JAVA: 2023, 2100, 2130, 2151, 2123, 2131, 2206, 2144, 2101, 2130
JAVA AVG: 2124
JAVASCRIPT: 8775, 8675, 8368, 8680, 8760, 8763, 8836, 8483, 8281, 8609
JAVASCRIPT AVG: 8623

random_5_3_025.json: 73
JAVA: 942, 969, 931, 936, 963, 932, 944, 956, 934, 958
JAVA AVG: 946
JAVASCRIPT: 1208, 1500, 1398, 1389, 1347, 1352, 1405, 1496, 1538, 1354
JAVASCRIPT AVG: 1277

random_3_5_025.json: 130
JAVA: 1150, 1083, 1030, 1042, 1059, 1092, 1025, 1066, 1065, 1023
JAVA AVG: 1063
JAVASCRIPT: 2641, 2659, 2296, 2463, 2417, 2515, 2570, 2512, 2496, 2669
JAVASCRIPT AVG: 2765

random_7_5_050: 178
JAVA: 1156, 1144, 1170, 1207, 1162, 1183, 1139, 1173, 1123, 1139
JAVA AVG: 1160
JAVASCRIPT: 3182, 3047, 3062, 3151, 3128, 3077, 3125, 3084, 3279, 2983
JAVASCRIPT AVG: 3112

flare.json: 251
JAVA: 1715, 1573, 1534, 1545, 1561, 1575, 1537, 1658, 1578, 1603
JAVA AVG: 1588
JAVASCRIPT: 3967, 3837, 3947, 3935, 4017, 3809, 3864, 3928, 3920, 3905
JAVASCRIPT AVG: 3913

